-0.1432446607189794          
1.8381304180019125           
1.7785395659905743           
7.670976373233217            
-7.09435358845172E-4         
-0.8513756919139841          
0.8559056720367959           
-3.947189504708921           
3.93138569451388             
0.37177859182793527          
-3.140201041866512           
2.051360079088133            
4.868003145513751            
3.4556303299925872           
-0.6545229435184884          
-0.10781256290961679         
0.38259702981574195          
-4.891176589184512           
7.286995113828061            
-1.6981329118195934          
-2.092017309510885           
0.537499846211112            
2.135056478418207            
8.974195531172574            
-0.09821192341690883         
1.7151649855296838           
-0.3701783631036759          
10.177362316574387           
9.418876276332647            
0.8075991471487507           
0.4531352601109615           
0.7783915041370978           
-12.05233809693808           
2.0707396189397054           
-0.3969212435537593          
4.827481098990973            
0.04747251131411592          
-0.8642758521696083          
0.11658734822939665          
0.05619434339774567          
0.8439788608458711           
1.043386839902264            
10.169881682388159           
-2.72220570555616            
-0.44239311677802384         
0.7494866232707139           
1.5114992824229294           
-0.03567300524249736         
3.1588307790693704           
0.5943483537391768           
0.3508790322093704           
-1.4199858589911376          
-0.19223682194151678         
4.687336827395267            
-1.1515243596612388          
1.3722191699183692           
0.7840394193957403           
-3.1556242605189895          
6.036590673660223            
-0.9739839794672439          
0.2968478990279993           
0.1906937387379036           
-7.290993015367              
-2.9654920949715877          
0.134133933389746            
-0.030508650571241698        
0.3430437335347071           
0.8114705437438497           
-1.928788608321353           
-3.2572191622615287          
-1.5774867789796607          
1.747702616200289            
3.1548838407583704           
0.07136197062979135          
-0.4915455814655587          
1.7819881041627936           
2.5541352160171145           
3.447992504650511            
-2.143343898082551           
0.5582147194090076           
-7.795325676586836           
-3.2270286056217907          
3.1848831345009865           
7.979878786385004            
-0.6659907968096719          
-1.7541823653298316          
0.4306134972985369           
-5.446677641683142           
-2.969161626444331           
26.415314328664326           
-1.6174261082193448          
-13.41076088289666           
-1.4043075414851662          
1.4459699720771202           
-3.5068911388908988          
-12.232251195540929          
0.6478435805597045           
1.075809924324583            
0.3301429194721051           
0.11027939800862004          
-1.824933084648689           
-0.479495277203132           
-0.09340005214090406         
0.47177692406583877          
-0.03564518105086125         
-1.077965420530944           
-0.5578088625773802          
-0.20421218332455543         
1.2411199296189728           
-0.5337642556809962          
-0.09177918766851945         
0.9728769655436358           
5.156797630288254            
-0.5147197075015246          
2.102464990421598            
1.0265081005273826           
-8.191436359889217           
-2.034657990751992           
-4.780352939769305           
-0.46068737893981726         
-1.2984014091276261          
-3.087875603420317           
0.083824108569993            
-3.42943931916305            
0.6412208710409679           
-4.015735914451772           
-3.3916264858477256          
-13.94767269820496           
1.409510467972269            
0.5994684651340727           
1.1559074357564085           
0.051464596207687854         
-2.017779950397263           
0.17460873351865952          
5.2586685692052555           
3.1708432445327075           
-1.0170766456829037          
-3.0963222446879515          
-1.6513512470952405          
-0.49015600667752157         
-4.241550360212065           
3.3802466086255403           
-1.9071546097671963          
2.234900916947783            
-0.27712894529072235         
-0.14484928410416054         
0.9784696475271385           
-1.312335918914231           
-1.8001398240430948          
0.7712548052217494           
2.108376907353843            
-31.090119960510652          
-1.0346397496081194          
-0.2616006658891579          
0.0393007520533132           
1.5058851321430953           
-1.5674931211025667          
2.4889881346091483           
-1.437372848502711           
0.8851778608237114           
0.05448454159203796          
-0.46510779057643425         
-0.4495057523729477          
-2.104619212756857           
-0.14844365593981831         
0.49950885060858047          
-9.189875935475685           
-11.999787969004327          
-0.2380317857417069          
-0.9377775147691617          
0.531416860444651            
2.3366881776867117           
0.5777018134619302           
2.126205872557698            
0.0800457946093184           
-6.843816156600322           
-0.07278931164091108         
0.9086011074423709           
0.2996649012365623           
-1.5762038471644233          
-11.214514702306273          
-4.184685394791629           
0.12214226812196499          
1.135025359934823            
1.887891404728161            
-0.5029727334700798          
-8.228522617046472           
0.6561049428978668           
0.08139509694224838          
-0.6030148705571478          
0.20775602468022458          
-0.820720551636414           
1.727629873738972            
2.2810593460797604           
-0.09769833721820494         
1.1572324782879817           
-1.4704448911801877          
-11.599552968169787          
1.4997273538627454           
1.4075769972750174           
1.5950289448403532           
-2.950015571608529           
-1.4023774423462871          
-0.9215808317972531          
-0.21730105741608977         
-0.2668158196452226          
0.3036825727603519           
1.6678911078000982           
0.2902313672369119           
-0.18049398433558425         
-0.21801939380978444         
0.02983993322440363          
0.26611644756696007          
-0.11015226358872422         
0.03474436055753391          
0.11175991445550693          